{
    "name": "Rip and Tear (5v5)",
    "description": "Rip and Tear is a system with one planet. This planet is small and has 5 bridges (lanes) over a small equatorial ditch. There are also small platforms in between the bridges on both sides facing each other. There is plenty of metal. If one bridge fails your team is most certantly doomed so reinforce your weakest link.",
    "creator": "Sektar",
    "version": "1.0.0",
    "planets": [
        {
            "name": "5 Bridges of Hell (5v5)",
            "mass": 50000,
            "position_x": 18100,
            "position_y": -7300,
            "velocity_x": 122,
            "velocity_y": 176,
            "required_thrust_to_move": 0,
            "starting_planet": true,
            "respawn": false,
            "start_destroyed": false,
            "min_spawn_delay": 0,
            "max_spawn_delay": 0,
            "planet": {
                "seed": 1528964096,
                "radius": 600,
                "heightRange": 0,
                "waterHeight": 0,
                "waterDepth": 0,
                "temperature": 100,
                "metalDensity": 0,
                "metalClusters": 0,
                "metalSpotLimit": -1,
                "biomeScale": 50,
                "biome": "lava",
                "symmetryType": "terrain and CSG",
                "symmetricalMetal": true,
                "symmetricalStarts": false,
                "numArmies": 2,
                "landingZonesPerArmy": 0,
                "landingZoneSize": 50,
                "heightAdjustments": []
            },
            "planetCSG": [
                {
                    "proj": "BP_Bend",
                    "spec": "/pa/terrain/lava/brushes/lava_volcano_04.json",
                    "height": 607.6515502929688,
                    "op": "BO_Add",
                    "position": [
                        -14.018714904785156,
                        -16.127685546875,
                        -596.268798828125
                    ],
                    "transform": [
                        0.6222150325775146,
                        -4.415148735046387,
                        -0.10478702932596207,
                        -14.276658058166504,
                        -4.415148735046387,
                        -0.6193538308143616,
                        -0.12055114656686783,
                        -16.42443084716797,
                        0.10478702932596207,
                        0.12055114656686783,
                        -4.457146167755127,
                        -607.26171875
                    ],
                    "scale": [
                        4.460007667541504,
                        4.460007667541504,
                        4.460007667541504
                    ],
                    "rotation": 0,
                    "weight": [
                        0,
                        0,
                        0,
                        0
                    ],
                    "weightHard": false,
                    "weightScale": [
                        1,
                        1,
                        1
                    ],
                    "mirrored": false,
                    "twinId": 74,
                    "pathable": false,
                    "flooded": false,
                    "mergeable": false,
                    "no_features": false
                },
                {
                    "proj": "BP_Bend",
                    "spec": "/pa/terrain/lava/brushes/lava_volcano_04.json",
                    "height": 607.6515502929688,
                    "op": "BO_Add",
                    "position": [
                        -14.018714904785156,
                        -16.127685546875,
                        -596.268798828125
                    ],
                    "transform": [
                        0.6222150325775146,
                        -4.415148735046387,
                        -0.10478702932596207,
                        -14.27665901184082,
                        -4.415148735046387,
                        -0.6193538308143616,
                        -0.12055114656686783,
                        -16.42443084716797,
                        -0.10478702932596207,
                        -0.12055114656686783,
                        4.457146167755127,
                        607.26171875
                    ],
                    "scale": [
                        4.460007667541504,
                        4.460007667541504,
                        4.460007667541504
                    ],
                    "rotation": 0,
                    "weight": [
                        0,
                        0,
                        0,
                        0
                    ],
                    "weightHard": false,
                    "weightScale": [
                        1,
                        1,
                        1
                    ],
                    "mirrored": true,
                    "twinId": 74,
                    "pathable": false,
                    "flooded": false,
                    "mergeable": false,
                    "no_features": false
                },
                {
                    "proj": "BP_Bend",
                    "spec": "/pa/terrain/metal/brushes/metal_trench_02.json",
                    "height": 759.3930053710938,
                    "op": "BO_Subtract",
                    "position": [
                        -392.89703369140625,
                        -452.6627197265625,
                        0.6145896911621094
                    ],
                    "transform": [
                        19.55997085571289,
                        -0.07715320587158203,
                        -16.97756004333496,
                        -497.7757873535156,
                        -16.977270126342773,
                        0.10212135314941406,
                        -19.560108184814453,
                        -573.4951171875,
                        0.12520599365234375,
                        25.90018653869629,
                        0.02655009925365448,
                        0.7784391045570374
                    ],
                    "scale": [
                        25.900497436523438,
                        25.900497436523438,
                        25.900497436523438
                    ],
                    "rotation": -0.7099996209144592,
                    "weight": [
                        0,
                        0,
                        0,
                        0
                    ],
                    "weightHard": false,
                    "weightScale": [
                        1,
                        1,
                        1
                    ],
                    "mirrored": false,
                    "twinId": 119,
                    "pathable": false,
                    "flooded": false,
                    "mergeable": true,
                    "no_features": false
                },
                {
                    "proj": "BP_Bend",
                    "spec": "/pa/terrain/metal/brushes/metal_trench_02.json",
                    "height": 759.3930053710938,
                    "op": "BO_Subtract",
                    "position": [
                        -392.89703369140625,
                        -452.6627197265625,
                        0.6145896911621094
                    ],
                    "transform": [
                        19.55997085571289,
                        -0.07715320587158203,
                        -16.97756004333496,
                        -497.77581787109375,
                        -16.977270126342773,
                        0.10212135314941406,
                        -19.560108184814453,
                        -573.4951171875,
                        -0.12520599365234375,
                        -25.90018653869629,
                        -0.02655009925365448,
                        -0.7784391045570374
                    ],
                    "scale": [
                        25.900497436523438,
                        25.900497436523438,
                        25.900497436523438
                    ],
                    "rotation": -0.7099996209144592,
                    "weight": [
                        0,
                        0,
                        0,
                        0
                    ],
                    "weightHard": false,
                    "weightScale": [
                        1,
                        1,
                        1
                    ],
                    "mirrored": true,
                    "twinId": 119,
                    "pathable": false,
                    "flooded": false,
                    "mergeable": false,
                    "no_features": false
                },
                {
                    "proj": "BP_Bend",
                    "spec": "/pa/terrain/metal/brushes/metal_trench_02.json",
                    "height": 760.4229125976562,
                    "op": "BO_Subtract",
                    "position": [
                        395.6715087890625,
                        451.6097412109375,
                        -0.57867431640625
                    ],
                    "transform": [
                        19.48011016845703,
                        -0.20099830627441406,
                        17.068119049072266,
                        501.109619140625,
                        -17.06753921508789,
                        0.14291667938232422,
                        19.481130599975586,
                        571.9541625976562,
                        -0.2453622817993164,
                        -25.899322509765625,
                        -0.024959996342658997,
                        -0.732810378074646
                    ],
                    "scale": [
                        25.900497436523438,
                        25.900497436523438,
                        25.900497436523438
                    ],
                    "rotation": -0.7099996209144592,
                    "weight": [
                        0,
                        0,
                        0,
                        0
                    ],
                    "weightHard": false,
                    "weightScale": [
                        1,
                        1,
                        1
                    ],
                    "mirrored": false,
                    "twinId": 120,
                    "pathable": false,
                    "flooded": false,
                    "mergeable": true,
                    "no_features": false
                },
                {
                    "proj": "BP_Bend",
                    "spec": "/pa/terrain/metal/brushes/metal_trench_02.json",
                    "height": 760.4229125976562,
                    "op": "BO_Subtract",
                    "position": [
                        395.6715087890625,
                        451.6097412109375,
                        -0.57867431640625
                    ],
                    "transform": [
                        19.48011016845703,
                        -0.20099830627441406,
                        17.068119049072266,
                        501.1095886230469,
                        -17.06753921508789,
                        0.14291667938232422,
                        19.481130599975586,
                        571.9541625976562,
                        0.2453622817993164,
                        25.899322509765625,
                        0.024959996342658997,
                        0.7328103184700012
                    ],
                    "scale": [
                        25.900497436523438,
                        25.900497436523438,
                        25.900497436523438
                    ],
                    "rotation": -0.7099996209144592,
                    "weight": [
                        0,
                        0,
                        0,
                        0
                    ],
                    "weightHard": false,
                    "weightScale": [
                        1,
                        1,
                        1
                    ],
                    "mirrored": true,
                    "twinId": 120,
                    "pathable": false,
                    "flooded": false,
                    "mergeable": false,
                    "no_features": false
                },
                {
                    "proj": "BP_Bend",
                    "spec": "/pa/terrain/lava/brushes/lava_metal_t2_medium_long.json",
                    "height": 599.3958740234375,
                    "op": "BO_Add",
                    "position": [
                        -392.726318359375,
                        -452.814697265625,
                        0.5198516845703125
                    ],
                    "transform": [
                        0.7554471492767334,
                        -0.002795666456222534,
                        -0.6552037000656128,
                        -392.72637939453125,
                        -0.6551944613456726,
                        0.003572702407836914,
                        -0.7554518580436707,
                        -452.8147277832031,
                        0.00445285439491272,
                        0.9999897480010986,
                        0.0008672475814819336,
                        0.5198246240615845
                    ],
                    "scale": [
                        1,
                        1,
                        1
                    ],
                    "rotation": -0.7099996209144592,
                    "weight": [
                        0,
                        0,
                        0,
                        0
                    ],
                    "weightHard": false,
                    "weightScale": [
                        1,
                        1,
                        1
                    ],
                    "mirrored": false,
                    "twinId": 126,
                    "pathable": true,
                    "flooded": false,
                    "mergeable": false,
                    "no_features": true
                },
                {
                    "proj": "BP_Bend",
                    "spec": "/pa/terrain/lava/brushes/lava_metal_t2_medium_long.json",
                    "height": 599.3958740234375,
                    "op": "BO_Add",
                    "position": [
                        -392.726318359375,
                        -452.814697265625,
                        0.5198516845703125
                    ],
                    "transform": [
                        0.7554471492767334,
                        -0.002795666456222534,
                        -0.6552037000656128,
                        -392.7264099121094,
                        -0.6551944613456726,
                        0.003572702407836914,
                        -0.7554518580436707,
                        -452.8147277832031,
                        -0.00445285439491272,
                        -0.9999897480010986,
                        -0.0008672475814819336,
                        -0.5198246240615845
                    ],
                    "scale": [
                        1,
                        1,
                        1
                    ],
                    "rotation": -0.7099996209144592,
                    "weight": [
                        0,
                        0,
                        0,
                        0
                    ],
                    "weightHard": false,
                    "weightScale": [
                        1,
                        1,
                        1
                    ],
                    "mirrored": true,
                    "twinId": 126,
                    "pathable": true,
                    "flooded": false,
                    "mergeable": false,
                    "no_features": true
                },
                {
                    "proj": "BP_Bend",
                    "spec": "/pa/terrain/lava/brushes/lava_metal_t2_medium_long.json",
                    "height": 604.42333984375,
                    "op": "BO_Add",
                    "position": [
                        -572.2393798828125,
                        194.60134887695312,
                        0.10003280639648438
                    ],
                    "transform": [
                        0.32196101546287537,
                        0.0008078068494796753,
                        -0.9467524290084839,
                        -572.2392578125,
                        0.9467481970787048,
                        0.0028898417949676514,
                        0.3219619691371918,
                        194.60133361816406,
                        0.0029960274696350098,
                        -0.9999953508377075,
                        0.00016558170318603516,
                        0.1000814437866211
                    ],
                    "scale": [
                        1,
                        1,
                        1
                    ],
                    "rotation": 1.2399991750717163,
                    "weight": [
                        0,
                        0,
                        0,
                        0
                    ],
                    "weightHard": false,
                    "weightScale": [
                        1,
                        1,
                        1
                    ],
                    "mirrored": false,
                    "twinId": 130,
                    "pathable": true,
                    "flooded": false,
                    "mergeable": false,
                    "no_features": true
                },
                {
                    "proj": "BP_Bend",
                    "spec": "/pa/terrain/lava/brushes/lava_metal_t2_medium_long.json",
                    "height": 604.42333984375,
                    "op": "BO_Add",
                    "position": [
                        -572.2393798828125,
                        194.60134887695312,
                        0.10003280639648438
                    ],
                    "transform": [
                        0.32196101546287537,
                        0.0008078068494796753,
                        -0.9467524290084839,
                        -572.2392578125,
                        0.9467481970787048,
                        0.0028898417949676514,
                        0.3219619691371918,
                        194.60133361816406,
                        -0.0029960274696350098,
                        0.9999953508377075,
                        -0.00016558170318603516,
                        -0.1000814363360405
                    ],
                    "scale": [
                        1,
                        1,
                        1
                    ],
                    "rotation": 1.2399991750717163,
                    "weight": [
                        0,
                        0,
                        0,
                        0
                    ],
                    "weightHard": false,
                    "weightScale": [
                        1,
                        1,
                        1
                    ],
                    "mirrored": true,
                    "twinId": 130,
                    "pathable": true,
                    "flooded": false,
                    "mergeable": false,
                    "no_features": true
                },
                {
                    "proj": "BP_Bend",
                    "spec": "/pa/terrain/lava/brushes/lava_metal_t2_medium_long.json",
                    "height": 598.75732421875,
                    "op": "BO_Add",
                    "position": [
                        62.37261962890625,
                        595.499755859375,
                        0.0371856689453125
                    ],
                    "transform": [
                        0.9945500493049622,
                        -0.00432923436164856,
                        0.10417011380195618,
                        62.37261962890625,
                        -0.10416887700557709,
                        0.0005161790177226067,
                        0.9945592880249023,
                        595.4996337890625,
                        -0.004359453916549683,
                        -0.9999902844429016,
                        0.00006240606307983398,
                        0.03736608847975731
                    ],
                    "scale": [
                        1,
                        1,
                        1
                    ],
                    "rotation": -0.09999998658895493,
                    "weight": [
                        0,
                        0,
                        0,
                        0
                    ],
                    "weightHard": false,
                    "weightScale": [
                        1,
                        1,
                        1
                    ],
                    "mirrored": false,
                    "twinId": 132,
                    "pathable": true,
                    "flooded": false,
                    "mergeable": false,
                    "no_features": true
                },
                {
                    "proj": "BP_Bend",
                    "spec": "/pa/terrain/lava/brushes/lava_metal_t2_medium_long.json",
                    "height": 598.75732421875,
                    "op": "BO_Add",
                    "position": [
                        62.37261962890625,
                        595.499755859375,
                        0.0371856689453125
                    ],
                    "transform": [
                        0.9945500493049622,
                        -0.00432923436164856,
                        0.10417011380195618,
                        62.372623443603516,
                        -0.10416887700557709,
                        0.0005161790177226067,
                        0.9945592880249023,
                        595.4996337890625,
                        0.004359453916549683,
                        0.9999902844429016,
                        -0.00006240606307983398,
                        -0.03736608847975731
                    ],
                    "scale": [
                        1,
                        1,
                        1
                    ],
                    "rotation": -0.09999998658895493,
                    "weight": [
                        0,
                        0,
                        0,
                        0
                    ],
                    "weightHard": false,
                    "weightScale": [
                        1,
                        1,
                        1
                    ],
                    "mirrored": true,
                    "twinId": 132,
                    "pathable": true,
                    "flooded": false,
                    "mergeable": false,
                    "no_features": true
                },
                {
                    "proj": "BP_Bend",
                    "spec": "/pa/terrain/lava/brushes/lava_metal_t2_medium_long.json",
                    "height": 600.6724853515625,
                    "op": "BO_Add",
                    "position": [
                        576.3270263671875,
                        169.276611328125,
                        -0.15344810485839844
                    ],
                    "transform": [
                        -0.2818092405796051,
                        0.0012372806668281555,
                        0.9594697952270508,
                        576.3270874023438,
                        0.9594640135765076,
                        -0.0033055543899536133,
                        0.2818118929862976,
                        169.2766571044922,
                        0.0035202503204345703,
                        0.9999939799308777,
                        -0.000255584716796875,
                        -0.15352270007133484
                    ],
                    "scale": [
                        1,
                        1,
                        1
                    ],
                    "rotation": 1.8599985837936401,
                    "weight": [
                        0,
                        0,
                        0,
                        0
                    ],
                    "weightHard": false,
                    "weightScale": [
                        1,
                        1,
                        1
                    ],
                    "mirrored": false,
                    "twinId": 135,
                    "pathable": true,
                    "flooded": false,
                    "mergeable": false,
                    "no_features": true
                },
                {
                    "proj": "BP_Bend",
                    "spec": "/pa/terrain/lava/brushes/lava_metal_t2_medium_long.json",
                    "height": 600.6724853515625,
                    "op": "BO_Add",
                    "position": [
                        576.3270263671875,
                        169.276611328125,
                        -0.15344810485839844
                    ],
                    "transform": [
                        -0.2818092405796051,
                        0.0012372806668281555,
                        0.9594697952270508,
                        576.3270874023438,
                        0.9594640135765076,
                        -0.0033055543899536133,
                        0.2818118929862976,
                        169.27664184570312,
                        -0.0035202503204345703,
                        -0.9999939799308777,
                        0.000255584716796875,
                        0.15352270007133484
                    ],
                    "scale": [
                        1,
                        1,
                        1
                    ],
                    "rotation": 1.8599985837936401,
                    "weight": [
                        0,
                        0,
                        0,
                        0
                    ],
                    "weightHard": false,
                    "weightScale": [
                        1,
                        1,
                        1
                    ],
                    "mirrored": true,
                    "twinId": 135,
                    "pathable": true,
                    "flooded": false,
                    "mergeable": false,
                    "no_features": true
                },
                {
                    "proj": "BP_Bend",
                    "spec": "/pa/terrain/lava/brushes/lava_metal_t2_medium_long.json",
                    "height": 601.6124877929688,
                    "op": "BO_Add",
                    "position": [
                        373.27630615234375,
                        -471.80755615234375,
                        0.032161712646484375
                    ],
                    "transform": [
                        0.7842381000518799,
                        -0.0005594193935394287,
                        0.6204596757888794,
                        373.2762756347656,
                        0.6204595565795898,
                        -0.00037425756454467773,
                        -0.7842382192611694,
                        -471.8074951171875,
                        0.0006708800792694092,
                        0.9999996423721313,
                        0.00005358457565307617,
                        0.03223714977502823
                    ],
                    "scale": [
                        1,
                        1,
                        1
                    ],
                    "rotation": 0.6699996590614319,
                    "weight": [
                        0,
                        0,
                        0,
                        0
                    ],
                    "weightHard": false,
                    "weightScale": [
                        1,
                        1,
                        1
                    ],
                    "mirrored": false,
                    "twinId": 136,
                    "pathable": true,
                    "flooded": false,
                    "mergeable": false,
                    "no_features": true
                },
                {
                    "proj": "BP_Bend",
                    "spec": "/pa/terrain/lava/brushes/lava_metal_t2_medium_long.json",
                    "height": 601.6124877929688,
                    "op": "BO_Add",
                    "position": [
                        373.27630615234375,
                        -471.80755615234375,
                        0.032161712646484375
                    ],
                    "transform": [
                        0.7842381000518799,
                        -0.0005594193935394287,
                        0.6204596757888794,
                        373.2762756347656,
                        0.6204595565795898,
                        -0.00037425756454467773,
                        -0.7842382192611694,
                        -471.8074951171875,
                        -0.0006708800792694092,
                        -0.9999996423721313,
                        -0.00005358457565307617,
                        -0.03223714977502823
                    ],
                    "scale": [
                        1,
                        1,
                        1
                    ],
                    "rotation": 0.6699996590614319,
                    "weight": [
                        0,
                        0,
                        0,
                        0
                    ],
                    "weightHard": false,
                    "weightScale": [
                        1,
                        1,
                        1
                    ],
                    "mirrored": true,
                    "twinId": 136,
                    "pathable": true,
                    "flooded": false,
                    "mergeable": false,
                    "no_features": true
                },
                {
                    "proj": "BP_Bend",
                    "spec": "/pa/terrain/lava/brushes/lava_metal_t2_small_1_ramp.json",
                    "height": 600.1166381835938,
                    "op": "BO_Add",
                    "position": [
                        -319.4410400390625,
                        499.207275390625,
                        -94.28396606445312
                    ],
                    "transform": [
                        -0.8432928323745728,
                        -0.0742679238319397,
                        -0.5322983264923096,
                        -319.4410705566406,
                        -0.537315845489502,
                        0.138983815908432,
                        0.8318504691123962,
                        499.2073059082031,
                        0.012200981378555298,
                        0.9875057935714722,
                        -0.15710937976837158,
                        -94.28395080566406
                    ],
                    "scale": [
                        1,
                        1,
                        1
                    ],
                    "rotation": -2.559998035430908,
                    "weight": [
                        0,
                        0,
                        0,
                        0
                    ],
                    "weightHard": false,
                    "weightScale": [
                        1,
                        1,
                        1
                    ],
                    "mirrored": false,
                    "twinId": 141,
                    "pathable": true,
                    "flooded": false,
                    "mergeable": false,
                    "no_features": true
                },
                {
                    "proj": "BP_Bend",
                    "spec": "/pa/terrain/lava/brushes/lava_metal_t2_small_1_ramp.json",
                    "height": 600.1166381835938,
                    "op": "BO_Add",
                    "position": [
                        -319.4410400390625,
                        499.207275390625,
                        -94.28396606445312
                    ],
                    "transform": [
                        -0.8432928323745728,
                        -0.0742679238319397,
                        -0.5322983264923096,
                        -319.4410705566406,
                        -0.537315845489502,
                        0.138983815908432,
                        0.8318504691123962,
                        499.2073059082031,
                        -0.012200981378555298,
                        -0.9875057935714722,
                        0.15710937976837158,
                        94.28395080566406
                    ],
                    "scale": [
                        1,
                        1,
                        1
                    ],
                    "rotation": -2.559998035430908,
                    "weight": [
                        0,
                        0,
                        0,
                        0
                    ],
                    "weightHard": false,
                    "weightScale": [
                        1,
                        1,
                        1
                    ],
                    "mirrored": true,
                    "twinId": 141,
                    "pathable": true,
                    "flooded": false,
                    "mergeable": false,
                    "no_features": true
                },
                {
                    "proj": "BP_Bend",
                    "spec": "/pa/terrain/lava/brushes/lava_metal_t2_small_1_ramp.json",
                    "height": 601.693115234375,
                    "op": "BO_Add",
                    "position": [
                        -574.3447875976562,
                        -151.07164001464844,
                        -96.64395904541016
                    ],
                    "transform": [
                        0.2538209855556488,
                        -0.15624873340129852,
                        -0.9545477032661438,
                        -574.3447875976562,
                        -0.9672447443008423,
                        -0.037386149168014526,
                        -0.2510775625705719,
                        -151.07164001464844,
                        0.003543660044670105,
                        0.9870100021362305,
                        -0.16062021255493164,
                        -96.64407348632812
                    ],
                    "scale": [
                        1,
                        1,
                        1
                    ],
                    "rotation": -1.3099991083145142,
                    "weight": [
                        0,
                        0,
                        0,
                        0
                    ],
                    "weightHard": false,
                    "weightScale": [
                        1,
                        1,
                        1
                    ],
                    "mirrored": false,
                    "twinId": 143,
                    "pathable": true,
                    "flooded": false,
                    "mergeable": false,
                    "no_features": true
                },
                {
                    "proj": "BP_Bend",
                    "spec": "/pa/terrain/lava/brushes/lava_metal_t2_small_1_ramp.json",
                    "height": 601.693115234375,
                    "op": "BO_Add",
                    "position": [
                        -574.3447875976562,
                        -151.07164001464844,
                        -96.64395904541016
                    ],
                    "transform": [
                        0.2538209855556488,
                        -0.15624873340129852,
                        -0.9545477032661438,
                        -574.3447875976562,
                        -0.9672447443008423,
                        -0.037386149168014526,
                        -0.2510775625705719,
                        -151.07164001464844,
                        -0.003543660044670105,
                        -0.9870100021362305,
                        0.16062021255493164,
                        96.64407348632812
                    ],
                    "scale": [
                        1,
                        1,
                        1
                    ],
                    "rotation": -1.3099991083145142,
                    "weight": [
                        0,
                        0,
                        0,
                        0
                    ],
                    "weightHard": false,
                    "weightScale": [
                        1,
                        1,
                        1
                    ],
                    "mirrored": true,
                    "twinId": 143,
                    "pathable": true,
                    "flooded": false,
                    "mergeable": false,
                    "no_features": true
                },
                {
                    "proj": "BP_Bend",
                    "spec": "/pa/terrain/lava/brushes/lava_metal_t2_small_1_ramp.json",
                    "height": 599.5827026367188,
                    "op": "BO_Add",
                    "position": [
                        378.90167236328125,
                        453.69940185546875,
                        -100.44783782958984
                    ],
                    "transform": [
                        -0.7659363746643066,
                        0.11828067898750305,
                        0.6319423317909241,
                        378.9017028808594,
                        0.6427637934684753,
                        0.11946544051170349,
                        0.7566918730735779,
                        453.6993713378906,
                        0.014006763696670532,
                        0.9857674837112427,
                        -0.16752946376800537,
                        -100.44776916503906
                    ],
                    "scale": [
                        1,
                        1,
                        1
                    ],
                    "rotation": 2.45999813079834,
                    "weight": [
                        0,
                        0,
                        0,
                        0
                    ],
                    "weightHard": false,
                    "weightScale": [
                        1,
                        1,
                        1
                    ],
                    "mirrored": false,
                    "twinId": 144,
                    "pathable": true,
                    "flooded": false,
                    "mergeable": false,
                    "no_features": true
                },
                {
                    "proj": "BP_Bend",
                    "spec": "/pa/terrain/lava/brushes/lava_metal_t2_small_1_ramp.json",
                    "height": 599.5827026367188,
                    "op": "BO_Add",
                    "position": [
                        378.90167236328125,
                        453.69940185546875,
                        -100.44783782958984
                    ],
                    "transform": [
                        -0.7659363746643066,
                        0.11828067898750305,
